%YAML:1.0
---
camera_matrix: !!opencv-matrix
   rows: 3
   cols: 3
   dt: d
   data: [ 1073.7120933114827, 0., 956.90035362666003, 0.,
       1073.2244966659769, 520.53809238035694, 0., 0., 1. ]
distortion_coefficients: !!opencv-matrix
   rows: 1
   cols: 5
   dt: d
   data: [ -0.4015394007940023, 0.17112217058194917,
       -0.0011144244550925866, -0.00046631599288546799,
       -0.034961573937350172 ]
